USE `characters`;

START TRANSACTION;

-- Change this to the target character GUID
SET @GUID := 1;

-- Part 1: Max all 425 faction reputations to Exalted (42999)
-- ---------------------------------------------------------

INSERT INTO `character_reputation` (`guid`, `faction`, `standing`, `flags`) VALUES
  (@GUID, 21, 42999, 1),
  (@GUID, 46, 42999, 1),
  (@GUID, 47, 42999, 1),
  (@GUID, 54, 42999, 1),
  (@GUID, 59, 42999, 1),
  (@GUID, 67, 42999, 1),
  (@GUID, 68, 42999, 1),
  (@GUID, 69, 42999, 1),
  (@GUID, 70, 42999, 1),
  (@GUID, 72, 42999, 1),
  (@GUID, 76, 42999, 1),
  (@GUID, 81, 42999, 1),
  (@GUID, 83, 42999, 1),
  (@GUID, 86, 42999, 1),
  (@GUID, 87, 42999, 1),
  (@GUID, 92, 42999, 1),
  (@GUID, 93, 42999, 1),
  (@GUID, 169, 42999, 1),
  (@GUID, 270, 42999, 1),
  (@GUID, 289, 42999, 1),
  (@GUID, 349, 42999, 1),
  (@GUID, 369, 42999, 1),
  (@GUID, 469, 42999, 1),
  (@GUID, 470, 42999, 1),
  (@GUID, 509, 42999, 1),
  (@GUID, 510, 42999, 1),
  (@GUID, 529, 42999, 1),
  (@GUID, 530, 42999, 1),
  (@GUID, 549, 42999, 1),
  (@GUID, 550, 42999, 1),
  (@GUID, 551, 42999, 1),
  (@GUID, 569, 42999, 1),
  (@GUID, 570, 42999, 1),
  (@GUID, 571, 42999, 1),
  (@GUID, 574, 42999, 1),
  (@GUID, 576, 42999, 1),
  (@GUID, 577, 42999, 1),
  (@GUID, 589, 42999, 1),
  (@GUID, 609, 42999, 1),
  (@GUID, 729, 42999, 1),
  (@GUID, 730, 42999, 1),
  (@GUID, 749, 42999, 1),
  (@GUID, 809, 42999, 1),
  (@GUID, 889, 42999, 1),
  (@GUID, 890, 42999, 1),
  (@GUID, 891, 42999, 1),
  (@GUID, 892, 42999, 1),
  (@GUID, 909, 42999, 1),
  (@GUID, 910, 42999, 1),
  (@GUID, 911, 42999, 1),
  (@GUID, 922, 42999, 1),
  (@GUID, 930, 42999, 1),
  (@GUID, 932, 42999, 1),
  (@GUID, 933, 42999, 1),
  (@GUID, 934, 42999, 1),
  (@GUID, 935, 42999, 1),
  (@GUID, 936, 42999, 1),
  (@GUID, 941, 42999, 1),
  (@GUID, 942, 42999, 1),
  (@GUID, 946, 42999, 1),
  (@GUID, 947, 42999, 1),
  (@GUID, 948, 42999, 1),
  (@GUID, 949, 42999, 1),
  (@GUID, 952, 42999, 1),
  (@GUID, 967, 42999, 1),
  (@GUID, 970, 42999, 1),
  (@GUID, 978, 42999, 1),
  (@GUID, 980, 42999, 1),
  (@GUID, 989, 42999, 1),
  (@GUID, 990, 42999, 1),
  (@GUID, 1005, 42999, 1),
  (@GUID, 1011, 42999, 1),
  (@GUID, 1012, 42999, 1),
  (@GUID, 1015, 42999, 1),
  (@GUID, 1031, 42999, 1),
  (@GUID, 1037, 42999, 1),
  (@GUID, 1038, 42999, 1),
  (@GUID, 1050, 42999, 1),
  (@GUID, 1052, 42999, 1),
  (@GUID, 1064, 42999, 1),
  (@GUID, 1067, 42999, 1),
  (@GUID, 1068, 42999, 1),
  (@GUID, 1072, 42999, 1),
  (@GUID, 1073, 42999, 1),
  (@GUID, 1077, 42999, 1),
  (@GUID, 1085, 42999, 1),
  (@GUID, 1090, 42999, 1),
  (@GUID, 1091, 42999, 1),
  (@GUID, 1094, 42999, 1),
  (@GUID, 1097, 42999, 1),
  (@GUID, 1098, 42999, 1),
  (@GUID, 1104, 42999, 1),
  (@GUID, 1105, 42999, 1),
  (@GUID, 1106, 42999, 1),
  (@GUID, 1117, 42999, 1),
  (@GUID, 1118, 42999, 1),
  (@GUID, 1119, 42999, 1),
  (@GUID, 1124, 42999, 1),
  (@GUID, 1126, 42999, 1),
  (@GUID, 1133, 42999, 1),
  (@GUID, 1134, 42999, 1),
  (@GUID, 1135, 42999, 1),
  (@GUID, 1136, 42999, 1),
  (@GUID, 1137, 42999, 1),
  (@GUID, 1154, 42999, 1),
  (@GUID, 1155, 42999, 1),
  (@GUID, 1156, 42999, 1),
  (@GUID, 1158, 42999, 1),
  (@GUID, 1162, 42999, 1),
  (@GUID, 1168, 42999, 1),
  (@GUID, 1169, 42999, 1),
  (@GUID, 1171, 42999, 1),
  (@GUID, 1172, 42999, 1),
  (@GUID, 1173, 42999, 1),
  (@GUID, 1174, 42999, 1),
  (@GUID, 1177, 42999, 1),
  (@GUID, 1178, 42999, 1),
  (@GUID, 1204, 42999, 1),
  (@GUID, 1216, 42999, 1),
  (@GUID, 1228, 42999, 1),
  (@GUID, 1242, 42999, 1),
  (@GUID, 1245, 42999, 1),
  (@GUID, 1269, 42999, 1),
  (@GUID, 1270, 42999, 1),
  (@GUID, 1271, 42999, 1),
  (@GUID, 1272, 42999, 1),
  (@GUID, 1273, 42999, 1),
  (@GUID, 1275, 42999, 1),
  (@GUID, 1276, 42999, 1),
  (@GUID, 1277, 42999, 1),
  (@GUID, 1278, 42999, 1),
  (@GUID, 1279, 42999, 1),
  (@GUID, 1280, 42999, 1),
  (@GUID, 1281, 42999, 1),
  (@GUID, 1282, 42999, 1),
  (@GUID, 1283, 42999, 1),
  (@GUID, 1302, 42999, 1),
  (@GUID, 1337, 42999, 1),
  (@GUID, 1341, 42999, 1),
  (@GUID, 1345, 42999, 1),
  (@GUID, 1351, 42999, 1),
  (@GUID, 1352, 42999, 1),
  (@GUID, 1353, 42999, 1),
  (@GUID, 1357, 42999, 1),
  (@GUID, 1358, 42999, 1),
  (@GUID, 1359, 42999, 1),
  (@GUID, 1374, 42999, 1),
  (@GUID, 1375, 42999, 1),
  (@GUID, 1376, 42999, 1),
  (@GUID, 1387, 42999, 1),
  (@GUID, 1388, 42999, 1),
  (@GUID, 1416, 42999, 1),
  (@GUID, 1419, 42999, 1),
  (@GUID, 1433, 42999, 1),
  (@GUID, 1435, 42999, 1),
  (@GUID, 1440, 42999, 1),
  (@GUID, 1444, 42999, 1),
  (@GUID, 1445, 42999, 1),
  (@GUID, 1492, 42999, 1),
  (@GUID, 1515, 42999, 1),
  (@GUID, 1520, 42999, 1),
  (@GUID, 1679, 42999, 1),
  (@GUID, 1681, 42999, 1),
  (@GUID, 1682, 42999, 1),
  (@GUID, 1690, 42999, 1),
  (@GUID, 1691, 42999, 1),
  (@GUID, 1708, 42999, 1),
  (@GUID, 1710, 42999, 1),
  (@GUID, 1711, 42999, 1),
  (@GUID, 1712, 42999, 1),
  (@GUID, 1713, 42999, 1),
  (@GUID, 1714, 42999, 1),
  (@GUID, 1715, 42999, 1),
  (@GUID, 1716, 42999, 1),
  (@GUID, 1717, 42999, 1),
  (@GUID, 1718, 42999, 1),
  (@GUID, 1731, 42999, 1),
  (@GUID, 1732, 42999, 1),
  (@GUID, 1733, 42999, 1),
  (@GUID, 1735, 42999, 1),
  (@GUID, 1736, 42999, 1),
  (@GUID, 1737, 42999, 1),
  (@GUID, 1738, 42999, 1),
  (@GUID, 1739, 42999, 1),
  (@GUID, 1740, 42999, 1),
  (@GUID, 1741, 42999, 1),
  (@GUID, 1815, 42999, 1),
  (@GUID, 1828, 42999, 1),
  (@GUID, 1834, 42999, 1),
  (@GUID, 1847, 42999, 1),
  (@GUID, 1848, 42999, 1),
  (@GUID, 1849, 42999, 1),
  (@GUID, 1850, 42999, 1),
  (@GUID, 1859, 42999, 1),
  (@GUID, 1860, 42999, 1),
  (@GUID, 1861, 42999, 1),
  (@GUID, 1862, 42999, 1),
  (@GUID, 1883, 42999, 1),
  (@GUID, 1888, 42999, 1),
  (@GUID, 1894, 42999, 1),
  (@GUID, 1899, 42999, 1),
  (@GUID, 1900, 42999, 1),
  (@GUID, 1919, 42999, 1),
  (@GUID, 1947, 42999, 1),
  (@GUID, 1948, 42999, 1),
  (@GUID, 1975, 42999, 1),
  (@GUID, 1984, 42999, 1),
  (@GUID, 1989, 42999, 1),
  (@GUID, 2010, 42999, 1),
  (@GUID, 2011, 42999, 1),
  (@GUID, 2018, 42999, 1),
  (@GUID, 2045, 42999, 1),
  (@GUID, 2063, 42999, 1),
  (@GUID, 2085, 42999, 1),
  (@GUID, 2086, 42999, 1),
  (@GUID, 2087, 42999, 1),
  (@GUID, 2088, 42999, 1),
  (@GUID, 2089, 42999, 1),
  (@GUID, 2090, 42999, 1),
  (@GUID, 2091, 42999, 1),
  (@GUID, 2097, 42999, 1),
  (@GUID, 2098, 42999, 1),
  (@GUID, 2099, 42999, 1),
  (@GUID, 2100, 42999, 1),
  (@GUID, 2101, 42999, 1),
  (@GUID, 2102, 42999, 1),
  (@GUID, 2103, 42999, 1),
  (@GUID, 2104, 42999, 1),
  (@GUID, 2111, 42999, 1),
  (@GUID, 2120, 42999, 1),
  (@GUID, 2135, 42999, 1),
  (@GUID, 2156, 42999, 1),
  (@GUID, 2157, 42999, 1),
  (@GUID, 2158, 42999, 1),
  (@GUID, 2159, 42999, 1),
  (@GUID, 2160, 42999, 1),
  (@GUID, 2161, 42999, 1),
  (@GUID, 2162, 42999, 1),
  (@GUID, 2163, 42999, 1),
  (@GUID, 2164, 42999, 1),
  (@GUID, 2165, 42999, 1),
  (@GUID, 2166, 42999, 1),
  (@GUID, 2167, 42999, 1),
  (@GUID, 2170, 42999, 1),
  (@GUID, 2233, 42999, 1),
  (@GUID, 2264, 42999, 1),
  (@GUID, 2265, 42999, 1),
  (@GUID, 2370, 42999, 1),
  (@GUID, 2371, 42999, 1),
  (@GUID, 2372, 42999, 1),
  (@GUID, 2373, 42999, 1),
  (@GUID, 2374, 42999, 1),
  (@GUID, 2375, 42999, 1),
  (@GUID, 2376, 42999, 1),
  (@GUID, 2377, 42999, 1),
  (@GUID, 2378, 42999, 1),
  (@GUID, 2379, 42999, 1),
  (@GUID, 2380, 42999, 1),
  (@GUID, 2381, 42999, 1),
  (@GUID, 2382, 42999, 1),
  (@GUID, 2383, 42999, 1),
  (@GUID, 2384, 42999, 1),
  (@GUID, 2385, 42999, 1),
  (@GUID, 2386, 42999, 1),
  (@GUID, 2387, 42999, 1),
  (@GUID, 2388, 42999, 1),
  (@GUID, 2389, 42999, 1),
  (@GUID, 2390, 42999, 1),
  (@GUID, 2391, 42999, 1),
  (@GUID, 2392, 42999, 1),
  (@GUID, 2395, 42999, 1),
  (@GUID, 2396, 42999, 1),
  (@GUID, 2397, 42999, 1),
  (@GUID, 2398, 42999, 1),
  (@GUID, 2400, 42999, 1),
  (@GUID, 2401, 42999, 1),
  (@GUID, 2407, 42999, 1),
  (@GUID, 2410, 42999, 1),
  (@GUID, 2413, 42999, 1),
  (@GUID, 2414, 42999, 1),
  (@GUID, 2415, 42999, 1),
  (@GUID, 2416, 42999, 1),
  (@GUID, 2417, 42999, 1),
  (@GUID, 2418, 42999, 1),
  (@GUID, 2422, 42999, 1),
  (@GUID, 2427, 42999, 1),
  (@GUID, 2431, 42999, 1),
  (@GUID, 2432, 42999, 1),
  (@GUID, 2439, 42999, 1),
  (@GUID, 2440, 42999, 1),
  (@GUID, 2441, 42999, 1),
  (@GUID, 2442, 42999, 1),
  (@GUID, 2444, 42999, 1),
  (@GUID, 2445, 42999, 1),
  (@GUID, 2446, 42999, 1),
  (@GUID, 2447, 42999, 1),
  (@GUID, 2448, 42999, 1),
  (@GUID, 2449, 42999, 1),
  (@GUID, 2450, 42999, 1),
  (@GUID, 2451, 42999, 1),
  (@GUID, 2452, 42999, 1),
  (@GUID, 2453, 42999, 1),
  (@GUID, 2454, 42999, 1),
  (@GUID, 2455, 42999, 1),
  (@GUID, 2456, 42999, 1),
  (@GUID, 2457, 42999, 1),
  (@GUID, 2458, 42999, 1),
  (@GUID, 2459, 42999, 1),
  (@GUID, 2460, 42999, 1),
  (@GUID, 2461, 42999, 1),
  (@GUID, 2462, 42999, 1),
  (@GUID, 2463, 42999, 1),
  (@GUID, 2464, 42999, 1),
  (@GUID, 2465, 42999, 1),
  (@GUID, 2469, 42999, 1),
  (@GUID, 2470, 42999, 1),
  (@GUID, 2471, 42999, 1),
  (@GUID, 2472, 42999, 1),
  (@GUID, 2473, 42999, 1),
  (@GUID, 2474, 42999, 1),
  (@GUID, 2478, 42999, 1),
  (@GUID, 2479, 42999, 1),
  (@GUID, 2503, 42999, 1),
  (@GUID, 2504, 42999, 1),
  (@GUID, 2506, 42999, 1),
  (@GUID, 2507, 42999, 1),
  (@GUID, 2508, 42999, 1),
  (@GUID, 2509, 42999, 1),
  (@GUID, 2510, 42999, 1),
  (@GUID, 2511, 42999, 1),
  (@GUID, 2512, 42999, 1),
  (@GUID, 2513, 42999, 1),
  (@GUID, 2517, 42999, 1),
  (@GUID, 2518, 42999, 1),
  (@GUID, 2520, 42999, 1),
  (@GUID, 2521, 42999, 1),
  (@GUID, 2522, 42999, 1),
  (@GUID, 2523, 42999, 1),
  (@GUID, 2524, 42999, 1),
  (@GUID, 2526, 42999, 1),
  (@GUID, 2542, 42999, 1),
  (@GUID, 2544, 42999, 1),
  (@GUID, 2550, 42999, 1),
  (@GUID, 2551, 42999, 1),
  (@GUID, 2552, 42999, 1),
  (@GUID, 2553, 42999, 1),
  (@GUID, 2554, 42999, 1),
  (@GUID, 2555, 42999, 1),
  (@GUID, 2564, 42999, 1),
  (@GUID, 2565, 42999, 1),
  (@GUID, 2568, 42999, 1),
  (@GUID, 2569, 42999, 1),
  (@GUID, 2570, 42999, 1),
  (@GUID, 2574, 42999, 1),
  (@GUID, 2575, 42999, 1),
  (@GUID, 2590, 42999, 1),
  (@GUID, 2593, 42999, 1),
  (@GUID, 2594, 42999, 1),
  (@GUID, 2596, 42999, 1),
  (@GUID, 2600, 42999, 1),
  (@GUID, 2601, 42999, 1),
  (@GUID, 2604, 42999, 1),
  (@GUID, 2605, 42999, 1),
  (@GUID, 2607, 42999, 1),
  (@GUID, 2611, 42999, 1),
  (@GUID, 2612, 42999, 1),
  (@GUID, 2613, 42999, 1),
  (@GUID, 2615, 42999, 1),
  (@GUID, 2640, 42999, 1),
  (@GUID, 2644, 42999, 1),
  (@GUID, 2645, 42999, 1),
  (@GUID, 2647, 42999, 1),
  (@GUID, 2648, 42999, 1),
  (@GUID, 2649, 42999, 1),
  (@GUID, 2653, 42999, 1),
  (@GUID, 2658, 42999, 1),
  (@GUID, 2659, 42999, 1),
  (@GUID, 2662, 42999, 1),
  (@GUID, 2663, 42999, 1),
  (@GUID, 2664, 42999, 1),
  (@GUID, 2665, 42999, 1),
  (@GUID, 2666, 42999, 1),
  (@GUID, 2667, 42999, 1),
  (@GUID, 2668, 42999, 1),
  (@GUID, 2669, 42999, 1),
  (@GUID, 2670, 42999, 1),
  (@GUID, 2671, 42999, 1),
  (@GUID, 2672, 42999, 1),
  (@GUID, 2673, 42999, 1),
  (@GUID, 2674, 42999, 1),
  (@GUID, 2675, 42999, 1),
  (@GUID, 2676, 42999, 1),
  (@GUID, 2677, 42999, 1),
  (@GUID, 2683, 42999, 1),
  (@GUID, 2684, 42999, 1),
  (@GUID, 2685, 42999, 1),
  (@GUID, 2688, 42999, 1),
  (@GUID, 2689, 42999, 1),
  (@GUID, 2693, 42999, 1),
  (@GUID, 2695, 42999, 1),
  (@GUID, 2696, 42999, 1),
  (@GUID, 2697, 42999, 1),
  (@GUID, 2698, 42999, 1),
  (@GUID, 2699, 42999, 1),
  (@GUID, 2700, 42999, 1),
  (@GUID, 2704, 42999, 1),
  (@GUID, 2705, 42999, 1),
  (@GUID, 2710, 42999, 1),
  (@GUID, 2711, 42999, 1),
  (@GUID, 2712, 42999, 1),
  (@GUID, 2713, 42999, 1),
  (@GUID, 2714, 42999, 1),
  (@GUID, 2722, 42999, 1),
  (@GUID, 2725, 42999, 1),
  (@GUID, 2726, 42999, 1),
  (@GUID, 2727, 42999, 1),
  (@GUID, 2736, 42999, 1),
  (@GUID, 2739, 42999, 1),
  (@GUID, 2742, 42999, 1),
  (@GUID, 2744, 42999, 1),
  (@GUID, 2764, 42999, 1),
  (@GUID, 2766, 42999, 1),
  (@GUID, 2767, 42999, 1),
  (@GUID, 2770, 42999, 1),
  (@GUID, 2774, 42999, 1)
AS new
ON DUPLICATE KEY UPDATE
  `standing` = new.`standing`,
  `flags`    = new.`flags`;

-- Part 2: Max all 138 currencies (renown + faction-linked + SL)
-- ---------------------------------------------------------

INSERT INTO `character_currency` (`CharacterGuid`, `Currency`, `Quantity`, `WeeklyQuantity`, `TrackedQuantity`, `IncreasedCapQuantity`, `EarnedQuantity`, `Flags`) VALUES
  (@GUID, 1579, 42999, 0, 0, 0, 42999, 0),
  (@GUID, 1592, 42999, 0, 0, 0, 42999, 0),
  (@GUID, 1593, 42999, 0, 0, 0, 42999, 0),
  (@GUID, 1594, 42999, 0, 0, 0, 42999, 0),
  (@GUID, 1595, 42999, 0, 0, 0, 42999, 0),
  (@GUID, 1596, 42999, 0, 0, 0, 42999, 0),
  (@GUID, 1597, 42999, 0, 0, 0, 42999, 0),
  (@GUID, 1598, 42999, 0, 0, 0, 42999, 0),
  (@GUID, 1599, 42999, 0, 0, 0, 42999, 0),
  (@GUID, 1600, 42999, 0, 0, 0, 42999, 0),
  (@GUID, 1738, 42999, 0, 0, 0, 42999, 0),
  (@GUID, 1739, 42999, 0, 0, 0, 42999, 0),
  (@GUID, 1740, 42999, 0, 0, 0, 42999, 0),
  (@GUID, 1742, 42999, 0, 0, 0, 42999, 0),
  (@GUID, 1745, 42999, 0, 0, 0, 42999, 0),
  (@GUID, 1746, 42999, 0, 0, 0, 42999, 0),
  (@GUID, 1747, 42999, 0, 0, 0, 42999, 0),
  (@GUID, 1748, 42999, 0, 0, 0, 42999, 0),
  (@GUID, 1749, 42999, 0, 0, 0, 42999, 0),
  (@GUID, 1750, 42999, 0, 0, 0, 42999, 0),
  (@GUID, 1752, 42999, 0, 0, 0, 42999, 0),
  (@GUID, 1757, 42999, 0, 0, 0, 42999, 0),
  (@GUID, 1758, 42999, 0, 0, 0, 42999, 0),
  (@GUID, 1767, 50000, 0, 0, 0, 50000, 0),
  (@GUID, 1804, 42999, 0, 0, 0, 42999, 0),
  (@GUID, 1805, 42999, 0, 0, 0, 42999, 0),
  (@GUID, 1806, 42999, 0, 0, 0, 42999, 0),
  (@GUID, 1807, 42999, 0, 0, 0, 42999, 0),
  (@GUID, 1813, 200000, 0, 0, 0, 200000, 0),
  (@GUID, 1822, 79, 0, 0, 0, 79, 0),
  (@GUID, 1828, 50000, 0, 0, 0, 50000, 0),
  (@GUID, 1829, 79, 0, 0, 0, 79, 0),
  (@GUID, 1830, 79, 0, 0, 0, 79, 0),
  (@GUID, 1831, 79, 0, 0, 0, 79, 0),
  (@GUID, 1832, 79, 0, 0, 0, 79, 0),
  (@GUID, 1837, 42999, 0, 0, 0, 42999, 0),
  (@GUID, 1838, 42999, 0, 0, 0, 42999, 0),
  (@GUID, 1839, 42999, 0, 0, 0, 42999, 0),
  (@GUID, 1840, 42999, 0, 0, 0, 42999, 0),
  (@GUID, 1841, 42999, 0, 0, 0, 42999, 0),
  (@GUID, 1842, 42999, 0, 0, 0, 42999, 0),
  (@GUID, 1843, 42999, 0, 0, 0, 42999, 0),
  (@GUID, 1844, 42999, 0, 0, 0, 42999, 0),
  (@GUID, 1845, 42999, 0, 0, 0, 42999, 0),
  (@GUID, 1846, 42999, 0, 0, 0, 42999, 0),
  (@GUID, 1847, 42999, 0, 0, 0, 42999, 0),
  (@GUID, 1848, 42999, 0, 0, 0, 42999, 0),
  (@GUID, 1849, 42999, 0, 0, 0, 42999, 0),
  (@GUID, 1850, 42999, 0, 0, 0, 42999, 0),
  (@GUID, 1851, 42999, 0, 0, 0, 42999, 0),
  (@GUID, 1852, 42999, 0, 0, 0, 42999, 0),
  (@GUID, 1853, 42999, 0, 0, 0, 42999, 0),
  (@GUID, 1859, 200000, 0, 0, 0, 200000, 0),
  (@GUID, 1860, 200000, 0, 0, 0, 200000, 0),
  (@GUID, 1861, 200000, 0, 0, 0, 200000, 0),
  (@GUID, 1862, 200000, 0, 0, 0, 200000, 0),
  (@GUID, 1878, 42999, 0, 0, 0, 42999, 0),
  (@GUID, 1880, 42999, 0, 0, 0, 42999, 0),
  (@GUID, 1884, 42999, 0, 0, 0, 42999, 0),
  (@GUID, 1885, 10000, 0, 0, 0, 10000, 0),
  (@GUID, 1887, 42999, 0, 0, 0, 42999, 0),
  (@GUID, 1888, 42999, 0, 0, 0, 42999, 0),
  (@GUID, 1907, 42999, 0, 0, 0, 42999, 0),
  (@GUID, 1977, 5000, 0, 0, 0, 5000, 0),
  (@GUID, 1982, 42999, 0, 0, 0, 42999, 0),
  (@GUID, 1997, 42999, 0, 0, 0, 42999, 0),
  (@GUID, 2002, 25, 0, 0, 0, 25, 0),
  (@GUID, 2021, 25, 0, 0, 0, 25, 0),
  (@GUID, 2031, 42999, 0, 0, 0, 42999, 0),
  (@GUID, 2087, 30, 0, 0, 0, 30, 0),
  (@GUID, 2088, 30, 0, 0, 0, 30, 0),
  (@GUID, 2106, 42999, 0, 0, 0, 42999, 0),
  (@GUID, 2107, 42999, 0, 0, 0, 42999, 0),
  (@GUID, 2108, 42999, 0, 0, 0, 42999, 0),
  (@GUID, 2109, 42999, 0, 0, 0, 42999, 0),
  (@GUID, 2134, 42999, 0, 0, 0, 42999, 0),
  (@GUID, 2402, 20, 0, 0, 0, 20, 0),
  (@GUID, 2420, 42999, 0, 0, 0, 42999, 0),
  (@GUID, 2645, 42999, 0, 0, 0, 42999, 0),
  (@GUID, 2652, 42999, 0, 0, 0, 42999, 0),
  (@GUID, 2653, 20, 0, 0, 0, 20, 0),
  (@GUID, 2814, 40, 0, 0, 0, 40, 0),
  (@GUID, 2819, 42999, 0, 0, 0, 42999, 0),
  (@GUID, 2897, 42999, 0, 0, 0, 42999, 0),
  (@GUID, 2898, 25, 0, 0, 0, 25, 0),
  (@GUID, 2899, 42999, 0, 0, 0, 42999, 0),
  (@GUID, 2900, 25, 0, 0, 0, 25, 0),
  (@GUID, 2901, 25, 0, 0, 0, 25, 0),
  (@GUID, 2902, 42999, 0, 0, 0, 42999, 0),
  (@GUID, 2903, 42999, 0, 0, 0, 42999, 0),
  (@GUID, 2904, 25, 0, 0, 0, 25, 0),
  (@GUID, 2908, 42999, 0, 0, 0, 42999, 0),
  (@GUID, 2909, 42999, 0, 0, 0, 42999, 0),
  (@GUID, 2910, 42999, 0, 0, 0, 42999, 0),
  (@GUID, 2911, 42999, 0, 0, 0, 42999, 0),
  (@GUID, 2913, 42999, 0, 0, 0, 42999, 0),
  (@GUID, 3002, 42999, 0, 0, 0, 42999, 0),
  (@GUID, 3003, 42999, 0, 0, 0, 42999, 0),
  (@GUID, 3004, 42999, 0, 0, 0, 42999, 0),
  (@GUID, 3022, 10, 0, 0, 0, 10, 0),
  (@GUID, 3068, 42999, 0, 0, 0, 42999, 0),
  (@GUID, 3118, 42999, 0, 0, 0, 42999, 0),
  (@GUID, 3128, 20, 0, 0, 0, 20, 0),
  (@GUID, 3129, 42999, 0, 0, 0, 42999, 0),
  (@GUID, 3130, 10, 0, 0, 0, 10, 0),
  (@GUID, 3131, 42999, 0, 0, 0, 42999, 0),
  (@GUID, 3136, 42999, 0, 0, 0, 42999, 0),
  (@GUID, 3137, 20, 0, 0, 0, 20, 0),
  (@GUID, 3140, 10, 0, 0, 0, 10, 0),
  (@GUID, 3169, 42999, 0, 0, 0, 42999, 0),
  (@GUID, 3171, 42999, 0, 0, 0, 42999, 0),
  (@GUID, 3173, 42999, 0, 0, 0, 42999, 0),
  (@GUID, 3176, 42999, 0, 0, 0, 42999, 0),
  (@GUID, 3177, 42999, 0, 0, 0, 42999, 0),
  (@GUID, 3221, 42999, 0, 0, 0, 42999, 0),
  (@GUID, 3271, 10, 0, 0, 0, 10, 0),
  (@GUID, 3272, 42999, 0, 0, 0, 42999, 0),
  (@GUID, 3283, 42999, 0, 0, 0, 42999, 0),
  (@GUID, 3304, 42999, 0, 0, 0, 42999, 0),
  (@GUID, 3305, 15, 0, 0, 0, 15, 0),
  (@GUID, 3315, 20, 0, 0, 0, 20, 0),
  (@GUID, 3317, 10, 0, 0, 0, 10, 0),
  (@GUID, 3318, 42999, 0, 0, 0, 42999, 0),
  (@GUID, 3354, 42999, 0, 0, 0, 42999, 0),
  (@GUID, 3355, 20, 0, 0, 0, 20, 0),
  (@GUID, 3365, 42999, 0, 0, 0, 42999, 0),
  (@GUID, 3369, 20, 0, 0, 0, 20, 0),
  (@GUID, 3370, 42999, 0, 0, 0, 42999, 0),
  (@GUID, 3371, 20, 0, 0, 0, 20, 0),
  (@GUID, 3386, 10, 0, 0, 0, 10, 0),
  (@GUID, 3387, 42999, 0, 0, 0, 42999, 0),
  (@GUID, 3388, 20, 0, 0, 0, 20, 0),
  (@GUID, 3389, 42999, 0, 0, 0, 42999, 0),
  (@GUID, 3390, 42999, 0, 0, 0, 42999, 0),
  (@GUID, 3396, 42999, 0, 0, 0, 42999, 0),
  (@GUID, 3397, 42999, 0, 0, 0, 42999, 0),
  (@GUID, 3398, 42999, 0, 0, 0, 42999, 0),
  (@GUID, 3410, 42999, 0, 0, 0, 42999, 0)
AS new
ON DUPLICATE KEY UPDATE
  `Quantity`       = new.`Quantity`,
  `EarnedQuantity` = new.`EarnedQuantity`;

COMMIT;
